player1 =

player2 = [
  [18823.5294117647, 2, 220.588235294118],
  [19117.6470588235, 1, 0],
  [19411.7647058823, 2, 0],
  [19411.7647058823, 3, 0],
  [19588.2352941176, 0, 0],
  [19705.8823529412, 1, 0],
  [20000, 1, 0],
  [20147.0588235294, 3, 0],
  [20294.1176470588, 2, 0],
  [20441.1764705882, 0, 0],
  [20588.2352941176, 3, 0],
  [20735.2941176471, 1, 0],
  [20882.3529411765, 2, 0],
  [21176.4705882353, 3, 0],
  [21176.4705882353, 2, 220.588235294118],
  [21470.5882352941, 0, 0],
  [21617.6470588235, 1, 0],
  [21911.7647058823, 2, 0],
  [21911.7647058823, 3, 0],
  [22205.8823529412, 0, 0],
  [22205.8823529412, 1, 367.647058823529],
  [22647.0588235294, 2, 73.5294117647059],
  [22794.1176470588, 3, 0],
  [22867.6470588235, 0, 0],
  [22941.1764705882, 1, 220.588235294118],
  [23235.2941176471, 3, 220.588235294118],
  [23529.4117647059, 0, 514.705882352941],
  [28529.4117647059, 1, 0],
  [28676.4705882353, 0, 0],
  [28823.5294117647, 3, 0],
  [28823.5294117647, 1, 0],
  [29117.6470588235, 2, 0],
  [29117.6470588235, 3, 0],
  [29411.7647058823, 3, 0],
  [29411.7647058823, 0, 147.058823529412],
  [29705.8823529412, 2, 0],
  [29852.9411764706, 1, 0],
  [30147.0588235294, 0, 0],
  [30294.1176470588, 3, 220.588235294118],
  [30882.3529411765, 1, 0],
  [30882.3529411765, 2, 0],
  [31029.4117647059, 0, 0],
  [31029.4117647059, 3, 0],
  [31176.4705882353, 2, 0],
  [31176.4705882353, 3, 0],
  [31470.5882352941, 0, 0],
  [31470.5882352941, 1, 0],
  [31764.7058823529, 3, 0],
  [31764.7058823529, 2, 147.058823529412],
  [32058.8235294118, 3, 0],
  [32205.8823529412, 1, 0],
  [32500, 0, 0],
  [32647.0588235294, 3, 220.588235294118],
  [32941.1764705882, 2, 367.647058823529],
  [32941.1764705882, 1, 367.647058823529],
  [37647.0588235294, 1, 220.588235294118],
  [37941.1764705882, 0, 0],
  [38088.2352941176, 3, 0],
  [38235.2941176471, 2, 220.588235294118],
  [38382.3529411765, 0, 73.5294117647059],
  [38529.4117647059, 1, 220.588235294118],
  [38823.5294117647, 3, 0],
  [38823.5294117647, 2, 0],
  [38970.5882352941, 0, 0],
  [38970.5882352941, 1, 0],
  [39117.6470588235, 2, 220.588235294118],
  [39411.7647058823, 3, 514.705882352941],
  [40000, 2, 220.588235294118],
  [40294.1176470588, 0, 0],
  [40588.2352941176, 1, 220.588235294118],
  [40882.3529411765, 3, 0],
  [41176.4705882353, 0, 0],
  [41176.4705882353, 3, 0],
  [41323.5294117647, 2, 0],
  [41470.5882352941, 1, 0],
  [41617.6470588235, 2, 0],
  [41470.5882352941, 3, 0],
  [41764.7058823529, 0, 514.705882352941],
  [41764.7058823529, 3, 514.705882352941],
  [47058.8235294118, 2, 73.5294117647059],
  [47205.8823529412, 0, 0],
  [47279.4117647059, 1, 0],
  [47352.9411764706, 3, 73.5294117647059],
  [47500, 0, 73.5294117647059],
  [47647.0588235294, 2, 0],
  [47647.0588235294, 3, 0],
  [47794.1176470588, 1, 0],
  [47941.1764705882, 2, 0],
  [47941.1764705882, 3, 0],
  [48088.2352941176, 0, 0],
  [48088.2352941176, 1, 0],
  [48235.294117647, 2, 73.5294117647059],
  [48382.3529411765, 0, 0],
  [48455.8823529412, 1, 0],
  [48529.4117647059, 3, 73.5294117647059],
  [48676.4705882353, 0, 73.5294117647059],
  [48823.5294117647, 2, 0],
  [48823.5294117647, 3, 0],
  [48970.5882352941, 1, 0],
  [49117.6470588235, 2, 0],
  [49117.6470588235, 3, 0],
  [49264.7058823529, 0, 0],
  [49264.7058823529, 1, 0],
  [49411.7647058823, 3, 73.5294117647059],
  [49558.8235294118, 0, 0],
  [49632.3529411765, 1, 0],
  [49705.8823529412, 2, 73.5294117647059],
  [49852.9411764706, 0, 73.5294117647059],
  [50000, 3, 73.5294117647059],
  [50147.0588235294, 0, 73.5294117647059],
  [50294.1176470588, 1, 73.5294117647059],
  [50441.1764705882, 0, 73.5294117647059],
  [50588.2352941176, 2, 73.5294117647059],
  [50735.294117647, 3, 0],
  [50808.8235294118, 1, 0],
  [50882.3529411765, 2, 73.5294117647059],
  [51029.4117647059, 0, 73.5294117647059],
  [51176.4705882353, 2, 73.5294117647059],
  [51323.5294117647, 1, 73.5294117647059],
  [51470.5882352941, 3, 73.5294117647059],
  [51617.6470588235, 2, 73.5294117647059],
  [51764.7058823529, 0, 514.705882352941],
  [51764.7058823529, 3, 514.705882352941],
  [56470.5882352941, 1, 220.588235294118],
  [56911.7647058823, 1, 0],
  [57058.8235294118, 2, 0],
  [57205.8823529412, 0, 0],
  [57352.9411764706, 1, 0],
  [57500, 0, 0],
  [57647.0588235294, 3, 0],
  [57794.1176470588, 2, 0],
  [57941.1764705882, 1, 0],
  [58088.2352941176, 3, 0],
  [58235.294117647, 1, 220.588235294118],
  [58235.294117647, 0, 220.588235294118],
  [58676.4705882353, 3, 0],
  [58750, 1, 0],
  [58823.5294117647, 2, 0],
  [58970.5882352941, 0, 0],
  [59117.6470588235, 2, 0],
  [59264.7058823529, 3, 0],
  [59411.7647058823, 1, 220.588235294118],
  [59411.7647058823, 2, 220.588235294118],
  [59705.8823529412, 3, 0],
  [59779.4117647059, 0, 0],
  [59852.9411764706, 2, 0],
  [59926.4705882353, 1, 0],
  [60000, 2, 0],
  [60147.0588235294, 3, 0],
  [60294.1176470588, 2, 0],
  [60441.1764705882, 0, 0],
  [60588.2352941176, 1, 220.588235294118],
  [60882.3529411765, 2, 220.588235294118],
  [61176.4705882353, 3, 514.705882352941],
  [61764.7058823529, 0, 73.5294117647059],
  [62058.8235294117, 1, 73.5294117647059],
  [62205.8823529412, 2, 367.647058823529],
  [62941.1764705882, 3, 0],
  [63088.2352941176, 1, 0],
  [63235.294117647, 3, 0],
  [63382.3529411765, 0, 220.588235294118],
  [63382.3529411765, 2, 220.588235294118],
  [63676.4705882353, 3, 0],
  [63750, 0, 0],
  [63823.5294117647, 1, 220.588235294118],
  [64117.6470588235, 2, 0],
  [64264.7058823529, 1, 0],
  [64411.7647058823, 3, 0],
  [64558.8235294117, 1, 0],
  [64705.8823529412, 0, 220.588235294118],
  [65000, 1, 220.588235294118],
  [65294.1176470588, 2, 0],
  [65441.1764705882, 3, 0],
  [65588.2352941176, 2, 0],
  [65735.294117647, 0, 0],
  [65882.3529411765, 1, 1102.94117647059],
  [65882.3529411765, 3, 1102.94117647059],
  [75294.1176470589, 1, 367.647058823529],
  [75735.2941176471, 3, 367.647058823529],
  [76176.4705882353, 1, 367.647058823529],
  [76617.6470588236, 0, 367.647058823529],
  [77058.8235294118, 1, 0],
  [77205.8823529412, 3, 0],
  [77352.9411764706, 1, 0],
  [77500.0000000001, 0, 0],
  [77647.0588235295, 3, 367.647058823529],
  [77647.0588235295, 2, 367.647058823529],
  [78088.2352941177, 0, 220.588235294118],
  [78382.3529411765, 1, 73.5294117647059],
  [78529.4117647059, 3, 73.5294117647059],
  [78676.4705882354, 0, 73.5294117647059],
  [78823.5294117648, 2, 220.588235294118],
  [79117.6470588236, 3, 220.588235294118],
  [79411.7647058824, 2, 514.705882352941],
  [79411.7647058824, 0, 514.705882352941],
  [80000, 1, 1102.94117647059],
  [80000, 3, 1102.94117647059],
  [81764.705882353, 1, 0],
  [81911.7647058824, 3, 0],
  [82058.8235294118, 0, 0],
  [82205.8823529412, 2, 0],
  [82352.9411764706, 3, 1102.94117647059],
  [83529.4117647059, 0, 1102.94117647059],
  [84705.8823529413, 1, 0],
  [85000.0000000001, 1, 0],
  [85147.0588235295, 2, 0],
  [85441.1764705883, 1, 0],
  [85588.2352941178, 2, 0],
  [85735.2941176472, 3, 0],
  [86029.411764706, 1, 0],
  [86176.4705882354, 2, 0],
  [86323.5294117648, 0, 0],
  [86617.6470588236, 0, 0],
  [86764.7058823531, 3, 0],
  [86911.7647058825, 1, 0],
  [87058.8235294119, 2, 220.588235294118],
  [87352.9411764707, 3, 0],
  [87500.0000000001, 2, 0],
  [87794.1176470589, 0, 0],
  [88088.2352941178, 1, 367.647058823529],
  [88088.2352941178, 3, 367.647058823529],
  [88529.411764706, 2, 0],
  [88676.4705882354, 0, 0],
  [88750.0000000001, 1, 0],
  [88823.5294117648, 3, 73.5294117647059],
  [88970.5882352942, 2, 73.5294117647059],
  [89117.6470588237, 1, 220.588235294118],
  [89411.7647058825, 0, 514.705882352941],
  [89411.7647058825, 3, 514.705882352941],
  [94117.6470588237, 1, 1102.94117647059],
  [95294.117647059, 2, 1102.94117647059],
  [96470.5882352943, 3, 1102.94117647059],
  [97647.0588235296, 0, 1102.94117647059],
  [98823.5294117649, 2, 1102.94117647059],
  [103529.411764706, 1, 0],
  [103602.941176471, 0, 0],
  [103676.470588236, 3, 0],
  [103823.529411765, 2, 0],
  [103823.529411765, 1, 0],
  [103970.588235294, 0, 0],
  [104117.647058824, 2, 0],
  [104117.647058824, 3, 220.588235294118],
  [104411.764705883, 1, 0],
  [104411.764705883, 0, 220.588235294118],
  [104705.882352941, 2, 0],
  [104779.411764706, 1, 0],
  [104852.941176471, 2, 0],
  [105000, 0, 0],
  [105000, 3, 0],
  [105147.05882353, 1, 0],
  [105294.117647059, 2, 0],
  [105294.117647059, 3, 147.058823529412],
  [105588.235294118, 2, 0],
  [105588.235294118, 1, 220.588235294118],
  [105882.352941177, 3, 0],
  [105955.882352941, 0, 0],
  [106029.411764706, 1, 0],
  [106176.470588236, 2, 0],
  [106323.529411765, 3, 0],
  [106470.588235294, 0, 147.058823529412],
  [106764.705882353, 1, 220.588235294118],
  [107058.823529412, 3, 0],
  [107132.352941177, 0, 0],
  [107205.882352941, 3, 0],
  [107352.941176471, 2, 0],
  [107500, 0, 0],
  [107500, 1, 0],
  [107647.05882353, 3, 0],
  [107647.05882353, 2, 147.058823529412],
  [107941.176470588, 1, 220.588235294118],
  [107941.176470588, 3, 220.588235294118],
  [108308.823529412, 2, 0],
  [108382.352941177, 3, 0],
  [108235.294117647, 0, 0],
  [110955.882352941, 2, 0],
  [110808.823529412, 0, 147.058823529412],
  [111250, 1, 0],
  [111250, 3, 0],
  [111250, 2, 0],
  [111544.117647059, 1, 0],
  [111617.647058824, 0, 0],
  [111617.647058824, 2, 0],
  [111617.647058824, 1, 0],
  [111691.176470588, 3, 0],
  [111985.294117647, 2, 0],
  [112022.05882353, 0, 0],
  [112058.823529412, 1, 0],
  [112132.352941177, 3, 0],
  [112095.588235294, 3, 0],
  [112058.823529412, 2, 0],
  [112169.117647059, 0, 0],
  [112132.352941177, 1, 0],
  [112095.588235294, 1, 0],
  [112095.588235294, 2, 0],
  [112132.352941177, 2, 0],
  [112205.882352941, 1, 0],
  [112242.647058824, 1, 0],
  [112242.647058824, 2, 0],
  [112205.882352941, 3, 0],
  [112169.117647059, 2, 0],
  [112205.882352941, 2, 0],
  [112279.411764706, 0, 0],
  [112316.176470588, 1, 0],
  [112352.941176471, 2, 0],
  [112352.941176471, 0, 0],
  [112389.705882353, 2, 0],
  [112389.705882353, 3, 0],
  [112279.411764706, 2, 0],
  [112316.176470588, 3, 0],
  [112426.470588236, 1, 0],
  [112426.470588236, 0, 0],
  [112463.235294118, 1, 0],
  [112463.235294118, 2, 0],
  [112500, 3, 0],
  [112500, 1, 0],
  [112500, 0, 0],
  [112536.764705883, 0, 0],
  [112573.529411765, 2, 0],
  [112610.294117647, 0, 0],
  [112647.05882353, 3, 0],
  [112610.294117647, 3, 0],
  [112536.764705883, 3, 0],
  [112683.823529412, 2, 0],
  [112683.823529412, 1, 0],
  [112720.588235294, 0, 0],
  [112683.823529412, 0, 0],
  [112573.529411765, 1, 0],
  [112647.05882353, 2, 0],
  [112720.588235294, 3, 0],
  [112757.352941177, 2, 0],
  [112794.117647059, 1, 0],
  [112830.882352941, 1, 0],
  [112830.882352941, 2, 0],
  [112830.882352941, 3, 0],
  [112794.117647059, 0, 0],
  [112904.411764706, 2, 0],
  [112904.411764706, 1, 0],
  [112867.647058824, 0, 0],
  [112904.411764706, 0, 0],
  [112867.647058824, 3, 0],
  [112941.176470588, 2, 73.5294117647059],
  [113088.235294118, 0, 0],
  [113161.764705882, 1, 0],
  [113235.294117647, 3, 73.5294117647059],
  [113382.352941176, 0, 73.5294117647059],
  [113529.411764706, 2, 0],
  [113529.411764706, 3, 0],
  [113676.470588235, 1, 0],
  [113823.529411765, 2, 0],
  [113823.529411765, 3, 0],
  [113970.588235294, 0, 0],
  [113970.588235294, 1, 0],
  [114117.647058824, 2, 73.5294117647059],
  [114264.705882353, 0, 0],
  [114338.235294118, 1, 0],
  [114411.764705882, 3, 73.5294117647059],
  [114558.823529412, 0, 73.5294117647059],
  [114705.882352941, 2, 0],
  [114705.882352941, 3, 0],
  [114852.941176471, 1, 0],
  [115000, 2, 0],
  [115000, 3, 0],
  [115147.058823529, 0, 0],
  [115147.058823529, 1, 0],
  [115294.117647059, 3, 73.5294117647059],
  [115441.176470588, 0, 0],
  [115514.705882353, 1, 0],
  [115588.235294118, 2, 73.5294117647059],
  [115735.294117647, 0, 73.5294117647059],
  [115882.352941176, 3, 73.5294117647059],
  [116029.411764706, 0, 73.5294117647059],
  [116176.470588235, 1, 73.5294117647059],
  [116323.529411765, 0, 73.5294117647059],
  [116470.588235294, 2, 73.5294117647059],
  [116617.647058824, 3, 0],
  [116691.176470588, 1, 0],
  [116764.705882353, 2, 73.5294117647059],
  [116911.764705882, 0, 73.5294117647059],
  [117058.823529412, 2, 73.5294117647059],
  [117205.882352941, 1, 73.5294117647059],
  [117352.941176471, 3, 73.5294117647059],
  [117500, 2, 73.5294117647059],
  [117647.05882353, 1, 0],
  [117720.588235294, 0, 0],
  [117794.117647059, 3, 0],
  [117941.176470588, 2, 0],
  [117941.176470588, 1, 0],
  [118088.235294118, 0, 0],
  [118235.294117647, 2, 0],
  [118235.294117647, 3, 220.588235294118],
  [118529.411764706, 1, 0],
  [118529.411764706, 0, 220.588235294118],
  [118823.529411765, 2, 0],
  [118897.05882353, 1, 0],
  [118970.588235294, 2, 0],
  [119117.647058824, 0, 0],
  [119117.647058824, 3, 0],
  [119264.705882353, 1, 0],
  [119411.764705883, 2, 0],
  [119411.764705883, 3, 147.058823529412],
  [119705.882352941, 2, 0],
  [119705.882352941, 1, 220.588235294118],
  [120000, 3, 0],
  [120073.529411765, 0, 0],
  [120147.05882353, 1, 0],
  [120294.117647059, 2, 0],
  [120441.176470588, 3, 0],
  [120588.235294118, 0, 147.058823529412],
  [120882.352941177, 1, 220.588235294118],
  [121176.470588236, 3, 0],
  [121250, 0, 0],
  [121323.529411765, 3, 0],
  [121470.588235294, 2, 0],
  [121617.647058824, 0, 0],
  [121617.647058824, 1, 0],
  [121764.705882353, 3, 0],
  [121764.705882353, 2, 147.058823529412],
  [122058.823529412, 1, 220.588235294118],
  [122058.823529412, 3, 220.588235294118],
  [122352.941176471, 1, 1102.94117647059],
  [123529.411764706, 3, 1102.94117647059],
  [124705.882352941, 2, 1102.94117647059],
  [125882.352941177, 0, 1102.94117647059],
  [127058.823529412, 1, 1102.94117647059],
  [127058.823529412, 3, 1102.94117647059],
  [128235.294117647, 0, 1102.94117647059],
  [128235.294117647, 2, 1102.94117647059],
  [129411.764705883, 3, 1102.94117647059],
  [129411.764705883, 2, 1102.94117647059],
  [130588.235294118, 1, 1102.94117647059],
  [130588.235294118, 0, 1102.94117647059],
  [131764.705882353, 1, 220.588235294118],
  [132205.882352941, 1, 0],
  [132352.941176471, 2, 0],
  [132500, 0, 0],
  [132647.058823529, 1, 0],
  [132794.117647059, 0, 0],
  [132941.176470588, 3, 0],
  [133088.235294118, 2, 0],
  [133235.294117647, 1, 0],
  [133382.352941176, 3, 0],
  [133529.411764706, 1, 220.588235294118],
  [133529.411764706, 0, 220.588235294118],
  [133970.588235294, 3, 0],
  [134044.117647059, 1, 0],
  [134117.647058824, 2, 0],
  [134264.705882353, 0, 0],
  [134411.764705882, 2, 0],
  [134558.823529412, 3, 0],
  [134705.882352941, 1, 220.588235294118],
  [134705.882352941, 2, 220.588235294118],
  [135000, 3, 0],
  [135073.529411765, 0, 0],
  [135147.058823529, 2, 0],
  [135220.588235294, 1, 0],
  [135294.117647059, 2, 0],
  [135441.176470588, 3, 0],
  [135588.235294118, 2, 0],
  [135735.294117647, 0, 0],
  [135882.352941176, 1, 220.588235294118],
  [136176.470588235, 2, 220.588235294118],
  [136470.588235294, 3, 514.705882352941],
  [137058.823529412, 0, 73.5294117647059],
  [137352.941176471, 1, 73.5294117647059],
  [137500, 2, 367.647058823529],
  [138235.294117647, 3, 0],
  [138382.352941176, 1, 0],
  [138529.411764706, 3, 0],
  [138676.470588235, 0, 220.588235294118],
  [138676.470588235, 2, 220.588235294118],
  [138970.588235294, 3, 0],
  [139044.117647059, 0, 0],
  [139117.647058824, 1, 220.588235294118],
  [139411.764705882, 2, 0],
  [139558.823529412, 1, 0],
  [139705.882352941, 3, 0],
  [139852.941176471, 1, 0],
  [140000, 0, 220.588235294118],
  [140294.117647059, 1, 220.588235294118],
  [140588.235294118, 2, 0],
  [140735.294117647, 3, 0],
  [140882.352941176, 2, 0],
  [141029.411764706, 0, 0],
  [141176.470588235, 1, 1102.94117647059],
  [141176.470588235, 3, 1102.94117647059],
]
